 0.01 38.1506586828 0.0045399049974 0.00891006524188 10.9346851092 0.669916781521 11.217755447 11.16 5.0
 0.02 37.9768927298 0.00907980999479 0.0178201304838 10.909754419 0.768228271391 11.2240555706 11.16 5.0
 0.03 37.8449731432 0.0136197149922 0.0267301957257 10.8907894352 0.835171957696 11.2288361362 11.16 5.0
 0.04 37.7337752616 0.0181596199896 0.0356402609675 10.8747777499 0.887687628 11.2328641984 11.16 5.0
 0.05 37.6354853774 0.022699524987 0.0445503262094 10.8606050676 0.931645719257 11.2364234755 11.16 5.0
 0.06 37.5462072803 0.0272394299844 0.0534603914513 10.8477157711 0.969848260524 11.2396554406 11.16 5.0
 0.07 37.4636721733 0.0317793349818 0.0623704566932 10.8357863378 1.0038730288 11.2426424755 11.16 5.0
 0.08 37.3864241355 0.0363192399792 0.0712805219351 10.8246091745 1.0347050775 11.2454374469 11.16 5.0
 0.09 37.3134640659 0.0408591449766 0.080190587177 10.814041837 1.06300479505 11.2480766342 11.16 5.0
 0.1 37.244071724 0.045399049974 0.0891006524188 10.8039816493 1.08923866914 11.2505861915 11.16 5.0
 0.11 37.1777079018 0.0499389549714 0.0980107176607 10.7943517517 1.11374969402 11.2529856996 11.16 5.0
 0.12 37.1139566552 0.0544788599687 0.106920782903 10.7850928614 1.13679819607 11.2552902634 11.16 5.0
 0.13 37.0524892297 0.0590187649661 0.115830848144 10.7761581281 1.15858691749 11.2575118219 11.16 5.0
 0.14 36.993040496 0.0635586699635 0.124740913386 10.7675097736 1.17927716244 11.2596600038 11.16 5.0
 0.15 36.9353929778 0.0680985749609 0.133650978628 10.7591168135 1.19899959622 11.2617427073 11.16 5.0
 0.16 36.8793656824 0.0726384799583 0.14256104387 10.7509534648 1.21786170364 11.2637665061 11.16 5.0
 0.17 36.8248060825 0.0771783849557 0.151471109112 10.7429980023 1.235953083 11.2657369398 11.16 5.0
 0.18 36.7715842274 0.0817182899531 0.160381174354 10.735231919 1.25334929285 11.2676587286 11.16 5.0
 0.19 36.7195883304 0.0862581949505 0.169291239596 10.727639297 1.27011470539 11.2695359327 11.16 5.0
 0.2 36.6687214063 0.0907980999479 0.178201304838 10.720206328 1.2863046611 11.2713720751 11.16 5.0
 0.21 36.6188986672 0.0953380049453 0.18711137008 10.7129209418 1.30196712218 11.2731702356 11.16 5.0
 0.22 36.5700454793 0.0998779099427 0.196021435321 10.7057725153 1.31714395932 11.2749331255 11.16 5.0
 0.23 36.5220957387 0.10441781494 0.204931500563 10.6987516409 1.33187196612 11.276663146 11.16 5.0
 0.24 36.4749905668 0.108957719937 0.213841565805 10.6918499403 1.34618366801 11.2783624362 11.16 5.0
 0.25 36.4286772508 0.113497624935 0.222751631047 10.6850599137 1.36010797416 11.2800329111 11.16 5.0
 0.26 36.3831083765 0.118037529932 0.231661696289 10.6783748163 1.37367070773 11.2816762933 11.16 5.0
 0.27 36.3382411109 0.12257743493 0.240571761531 10.6717885555 1.38689504117 11.2832941391 11.16 5.0
 0.28 36.2940366053 0.127117339927 0.249481826773 10.6652956065 1.39980185619 11.2848878599 11.16 5.0
 0.29 36.2504594953 0.131657244924 0.258391892015 10.6588909407 1.41241004392 11.2864587407 11.16 5.0
 0.3 36.2074774775 0.136197149922 0.267301957257 10.6525699653 1.42473675665 11.2880079554 11.16 5.0
 0.31 36.1650609511 0.140737054919 0.276212022498 10.6463284725 1.4367976205 11.2895365794 11.16 5.0
 0.32 36.1231827114 0.145276959917 0.28512208774 10.6401625954 1.44860691604 11.2910456013 11.16 5.0
 0.33 36.081817686 0.149816864914 0.294032152982 10.6340687709 1.46017773261 11.2925359324 11.16 5.0
 0.34 36.0409427081 0.154356769911 0.302942218224 10.6280437073 1.47152210075 11.2940084145 11.16 5.0
 0.35 36.0005363192 0.158896674909 0.311852283466 10.6220843557 1.4826511065 11.2954638275 11.16 5.0
 0.36 35.9605785978 0.163436579906 0.320762348708 10.6161878862 1.49357499044 11.2969028953 11.16 5.0
 0.37 35.921051009 0.167976484904 0.32967241395 10.6103516664 1.50430323386 11.2983262917 11.16 5.0
 0.38 35.8819362728 0.172516389901 0.338582479192 10.6045732421 1.51484463412 11.2997346447 11.16 5.0
 0.39 35.8432182486 0.177056294898 0.347492544433 10.5988503215 1.52520737066 11.3011285409 11.16 5.0
 0.4 35.8048818318 0.181596199896 0.356402609675 10.5931807602 1.53539906321 11.3025085294 11.16 5.0
 0.41 35.7669128634 0.186136104893 0.365312674917 10.5875625482 1.5454268231 11.3038751249 11.16 5.0
 0.42 35.7292980486 0.190676009891 0.374222740159 10.5819937985 1.55529729879 11.3052288107 11.16 5.0
 0.43 35.6920248847 0.195215914888 0.383132805401 10.5764727369 1.56501671635 11.3065700412 11.16 5.0
 0.44 35.6550815964 0.199755819885 0.392042870643 10.5709976926 1.57459091546 11.3078992446 11.16 5.0
 0.45 35.6184570779 0.204295724883 0.400952935885 10.5655670897 1.58402538172 11.3092168245 11.16 5.0
 0.46 35.5821408402 0.20883562988 0.409863001127 10.5601794406 1.59332527544 11.3105231624 11.16 5.0
 0.47 35.5461229647 0.213375534878 0.418773066369 10.5548333383 1.60249545768 11.3118186189 11.16 5.0
 0.48 35.5103940598 0.217915439875 0.42768313161 10.549527451 1.61154051356 11.3131035353 11.16 5.0
 0.49 35.4749452233 0.222455344872 0.436593196852 10.5442605163 1.6204647734 11.3143782355 11.16 5.0
 0.5 35.4397680064 0.22699524987 0.445503262094 10.5390313365 1.62927233178 11.3156430266 11.16 5.0
 0.51 35.4048543826 0.231535154867 0.454413327336 10.5338387736 1.63796706485 11.3168982005 11.16 5.0
 0.52 35.3701967183 0.236075059865 0.463323392578 10.5286817459 1.64655264606 11.3181440347 11.16 5.0
 0.53 35.3357877465 0.240614964862 0.47223345782 10.5235592233 1.65503256047 11.3193807936 11.16 5.0
 0.54 35.3016205422 0.245154869859 0.481143523062 10.5184702245 1.66341011776 11.320608729 11.16 5.0
 0.55 35.2676885007 0.249694774857 0.490053588304 10.5134138139 1.6716884642 11.321828081 11.16 5.0
 0.56 35.2339853166 0.254234679854 0.498963653545 10.5083890982 1.67987059352 11.323039079 11.16 5.0
 0.57 35.2005049656 0.258774584852 0.507873718787 10.5033952241 1.68795935689 11.3242419422 11.16 5.0
 0.58 35.1672416867 0.263314489849 0.516783784029 10.4984313757 1.69595747217 11.32543688 11.16 5.0
 0.59 35.1341899669 0.267854394846 0.525693849271 10.4934967723 1.70386753225 11.3266240929 11.16 5.0
 0.6 35.1013445257 0.272394299844 0.534603914513 10.4885906663 1.7116920129 11.3278037731 11.16 5.0
 0.61 35.0687003024 0.276934204841 0.543513979755 10.4837123412 1.71943327989 11.3289761046 11.16 5.0
 0.62 35.0362524426 0.281474109839 0.552424044997 10.47886111 1.72709359562 11.330141264 11.16 5.0
 0.63 35.0039962873 0.286014014836 0.561334110239 10.4740363131 1.73467512523 11.3312994208 11.16 5.0
 0.64 34.9719273614 0.290553919833 0.570244175481 10.4692373173 1.74217994228 11.3324507378 11.16 5.0
 0.65 34.9400413641 0.295093824831 0.579154240722 10.464463514 1.74961003399 11.3335953715 11.16 5.0
 0.66 34.9083341593 0.299633729828 0.588064305964 10.4597143182 1.7569673061 11.3347334723 11.16 5.0
 0.67 34.8768017669 0.304173634825 0.596974371206 10.4549891668 1.76425358742 11.3358651851 11.16 5.0
 0.68 34.8454403546 0.308713539823 0.605884436448 10.4502875177 1.77147063404 11.3369906493 11.16 5.0
 0.69 34.8142462304 0.31325344482 0.61479450169 10.4456088488 1.77862013325 11.3381099991 11.16 5.0
 0.7 34.7832158355 0.317793349818 0.623704566932 10.4409526568 1.78570370718 11.3392233642 11.16 5.0
 0.71 34.7523457373 0.322333254815 0.632614632174 10.4363184565 1.79272291624 11.3403308695 11.16 5.0
 0.72 34.7216326236 0.326873159812 0.641524697416 10.4317057796 1.79967926229 11.3414326353 11.16 5.0
 0.73 34.6910732967 0.33141306481 0.650434762658 10.4271141741 1.80657419166 11.3425287782 11.16 5.0
 0.74 34.6606646676 0.335952969807 0.659344827899 10.4225432034 1.81340909787 11.3436194105 11.16 5.0
 0.75 34.630403751 0.340492874805 0.668254893141 10.4179924456 1.82018532431 11.3447046409 11.16 5.0
 0.76 34.6002876608 0.345032779802 0.677164958383 10.4134614929 1.82690416667 11.3457845744 11.16 5.0
 0.77 34.5703136051 0.349572684799 0.686075023625 10.4089499508 1.83356687524 11.3468593126 11.16 5.0
 0.78 34.5404788821 0.354112589797 0.694985088867 10.4044574378 1.84017465708 11.3479289539 11.16 5.0
 0.79 34.5107808759 0.358652494794 0.703895154109 10.3999835842 1.84672867803 11.3489935935 11.16 5.0
 0.8 34.481217053 0.363192399792 0.712805219351 10.3955280324 1.85323006465 11.3500533235 11.16 5.0
 0.81 34.4517849585 0.367732304789 0.721715284593 10.3910904355 1.85967990602 11.3511082334 11.16 5.0
 0.82 34.4224822128 0.372272209786 0.730625349834 10.3866704577 1.8660792554 11.3521584098 11.16 5.0
 0.83 34.3933065081 0.376812114784 0.739535415076 10.382267773 1.87242913189 11.3532039367 11.16 5.0
 0.84 34.3642556059 0.381352019781 0.748445480318 10.3778820655 1.87873052188 11.3542448956 11.16 5.0
 0.85 34.3353273336 0.385891924779 0.75735554556 10.3735130285 1.88498438053 11.3552813655 11.16 5.0
 0.86 34.3065195821 0.390431829776 0.766265610802 10.3691603644 1.89119163307 11.3563134233 11.16 5.0
 0.87 34.2778303033 0.394971734773 0.775175676044 10.3648237842 1.89735317611 11.3573411435 11.16 5.0
 0.88 34.2492575071 0.399511639771 0.784085741286 10.3605030069 1.90346987883 11.3583645986 11.16 5.0
 0.89 34.2207992599 0.404051544768 0.792995806528 10.3561977599 1.90954258413 11.359383859 11.16 5.0
 0.9 34.1924536817 0.408591449766 0.80190587177 10.3519077779 1.91557210971 11.3603989931 11.16 5.0
 0.91 34.1642189443 0.413131354763 0.810815937011 10.347632803 1.92155924909 11.3614100675 11.16 5.0
 0.92 34.1360932695 0.41767125976 0.819726002253 10.3433725844 1.92750477258 11.362417147 11.16 5.0
 0.93 34.1080749267 0.422211164758 0.828636067495 10.3391268782 1.93340942825 11.3634202946 11.16 5.0
 0.94 34.0801622317 0.426751069755 0.837546132737 10.3348954467 1.93927394272 11.3644195716 11.16 5.0
 0.95 34.0523535445 0.431290974753 0.846456197979 10.3306780588 1.94509902209 11.3654150377 11.16 5.0
 0.96 34.0246472679 0.43583087975 0.855366263221 10.3264744893 1.95088535267 11.3664067512 11.16 5.0
 0.97 33.997041846 0.440370784747 0.864276328463 10.3222845189 1.95663360175 11.3673947686 11.16 5.0
 0.98 33.9695357626 0.444910689745 0.873186393705 10.3181079339 1.96234441833 11.3683791453 11.16 5.0
 0.99 33.9421275396 0.449450594742 0.882096458946 10.313944526 1.9680184338 11.3693599349 11.16 5.0
 1.0 33.9148157362 0.45399049974 0.891006524188 10.3097940921 1.97365626257 11.3703371901 11.16 5.0
 1.01 33.887598947 0.458530404737 0.89991658943 10.3056564342 1.97925850273 11.371310962 11.16 5.0
 1.02 33.8604758011 0.463070309734 0.908826654672 10.3015313591 1.98482573662 11.3722813006 11.16 5.0
 1.03 33.8334449611 0.467610214732 0.917736719914 10.2974186786 1.99035853139 11.3732482545 11.16 5.0
 1.04 33.8065051213 0.472150119729 0.926646785156 10.2933182085 1.99585743955 11.3742118713 11.16 5.0
 1.05 33.7796550074 0.476690024727 0.935556850398 10.2892297696 2.00132299949 11.3751721975 11.16 5.0
 1.06 33.7528933751 0.481229929724 0.94446691564 10.2851531865 2.00675573596 11.3761292784 11.16 5.0
 1.07 33.7262190088 0.485769834721 0.953376980882 10.281088288 2.01215616056 11.3770831582 11.16 5.0
 1.08 33.6996307215 0.490309739719 0.962287046123 10.2770349071 2.01752477216 11.3780338803 11.16 5.0
 1.09 33.673127353 0.494849644716 0.971197111365 10.2729928803 2.02286205738 11.3789814868 11.16 5.0
 1.1 33.6467077696 0.499389549714 0.980107176607 10.2689620482 2.02816849093 11.3799260192 11.16 5.0
 1.11 33.6203708629 0.503929454711 0.989017241849 10.2649422546 2.03344453609 11.3808675177 11.16 5.0
 1.12 33.5941155494 0.508469359708 0.997927307091 10.2609333471 2.03869064503 11.3818060219 11.16 5.0
 1.13 33.5679407694 0.513009264706 1.00683737233 10.2569351765 2.04390725917 11.3827415704 11.16 5.0
 1.14 33.5418454864 0.517549169703 1.01574743757 10.252947597 2.04909480959 11.3836742009 11.16 5.0
 1.15 33.5158286863 0.5220890747 1.02465750282 10.2489704659 2.05425371727 11.3846039505 11.16 5.0
 1.16 33.4898893769 0.526628979698 1.03356756806 10.2450036436 2.05938439351 11.3855308552 11.16 5.0
 1.17 33.464026587 0.531168884695 1.0424776333 10.2410469934 2.06448724015 11.3864549505 11.16 5.0
 1.18 33.438239366 0.535708789693 1.05138769854 10.2371003817 2.06956264993 11.387376271 11.16 5.0
 1.19 33.4125267831 0.54024869469 1.06029776378 10.2331636775 2.07461100673 11.3882948506 11.16 5.0
 1.2 33.386887927 0.544788599687 1.06920782903 10.2292367527 2.07963268585 11.3892107225 11.16 5.0
 1.21 33.361321905 0.549328504685 1.07811789427 10.2253194817 2.08462805431 11.3901239194 11.16 5.0
 1.22 33.3358278426 0.553868409682 1.08702795951 10.2214117416 2.08959747104 11.391034473 11.16 5.0
 1.23 33.310404883 0.55840831468 1.09593802475 10.2175134118 2.09454128718 11.3919424146 11.16 5.0
 1.24 33.2850521867 0.562948219677 1.10484808999 10.2136243744 2.09945984627 11.3928477748 11.16 5.0
 1.25 33.2597689309 0.567488124674 1.11375815524 10.2097445136 2.10435348448 11.3937505836 11.16 5.0
 1.26 33.2345543089 0.572028029672 1.12266822048 10.2058737161 2.10922253087 11.3946508704 11.16 5.0
 1.27 33.2094075299 0.576567934669 1.13157828572 10.2020118708 2.11406730752 11.3955486641 11.16 5.0
 1.28 33.1843278184 0.581107839667 1.14048835096 10.1981588686 2.11888812981 11.3964439928 11.16 5.0
 1.29 33.159314414 0.585647744664 1.1493984162 10.1943146027 2.12368530656 11.3973368844 11.16 5.0
 1.3 33.1343665706 0.590187649661 1.15830848144 10.1904789683 2.12845914022 11.398227366 11.16 5.0
 1.31 33.1094835565 0.594727554659 1.16721854669 10.1866518624 2.13320992708 11.3991154643 11.16 5.0
 1.32 33.0846646535 0.599267459656 1.17612861193 10.1828331843 2.13793795742 11.4000012054 11.16 5.0
 1.33 33.0599091572 0.603807364654 1.18503867717 10.1790228349 2.14264351568 11.4008846152 11.16 5.0
 1.34 33.0352163758 0.608347269651 1.19394874241 10.1752207172 2.14732688059 11.4017657188 11.16 5.0
 1.35 33.0105856306 0.612887174648 1.20285880765 10.1714267356 2.15198832541 11.4026445409 11.16 5.0
 1.36 32.9860162552 0.617427079646 1.2117688729 10.1676407967 2.15662811799 11.4035211059 11.16 5.0
 1.37 32.961507595 0.621966984643 1.22067893814 10.1638628086 2.16124652095 11.4043954377 11.16 5.0
 1.38 32.9370590076 0.626506889641 1.22958900338 10.1600926809 2.16584379184 11.4052675596 11.16 5.0
 1.39 32.9126698619 0.631046794638 1.23849906862 10.1563303251 2.17042018323 11.4061374946 11.16 5.0
 1.4 32.8883395378 0.635586699635 1.24740913386 10.1525756541 2.17497594289 11.4070052655 11.16 5.0
 1.41 32.8640674263 0.640126604633 1.25631919911 10.1488285824 2.17951131386 11.4078708943 11.16 5.0
 1.42 32.8398529291 0.64466650963 1.26522926435 10.1450890261 2.18402653464 11.408734403 11.16 5.0
 1.43 32.8156954582 0.649206414628 1.27413932959 10.1413569025 2.18852183925 11.409595813 11.16 5.0
 1.44 32.7915944357 0.653746319625 1.28304939483 10.1376321305 2.19299745737 11.4104551453 11.16 5.0
 1.45 32.7675492935 0.658286224622 1.29195946007 10.1339146304 2.19745361444 11.4113124207 11.16 5.0
 1.46 32.7435594734 0.66282612962 1.30086952532 10.1302043239 2.20189053179 11.4121676595 11.16 5.0
 1.47 32.7196244263 0.667366034617 1.30977959056 10.1265011339 2.2063084267 11.4130208818 11.16 5.0
 1.48 32.6957436126 0.671905939615 1.3186896558 10.1228049847 2.21070751254 11.4138721072 11.16 5.0
 1.49 32.6719165015 0.676445844612 1.32759972104 10.1191158018 2.21508799887 11.4147213552 11.16 5.0
 1.5 32.6481425709 0.680985749609 1.33650978628 10.1154335119 2.21945009149 11.4155686448 11.16 5.0
 1.51 32.6244213076 0.685525654607 1.34541985152 10.111758043 2.22379399258 11.4164139946 11.16 5.0
 1.52 32.6007522063 0.690065559604 1.35432991677 10.1080893243 2.22811990074 11.4172574231 11.16 5.0
 1.53 32.5771347702 0.694605464602 1.36323998201 10.104427286 2.23242801112 11.4180989486 11.16 5.0
 1.54 32.5535685105 0.699145369599 1.37215004725 10.1007718596 2.2367185155 11.4189385887 11.16 5.0
 1.55 32.5300529459 0.703685274596 1.38106011249 10.0971229776 2.24099160233 11.419776361 11.16 5.0
 1.56 32.5065876032 0.708225179594 1.38997017773 10.0934805735 2.24524745684 11.4206122829 11.16 5.0
 1.57 32.4831720162 0.712765084591 1.39888024298 10.0898445821 2.24948626111 11.4214463713 11.16 5.0
 1.58 32.4598057264 0.717304989588 1.40779030822 10.0862149389 2.25370819416 11.422278643 11.16 5.0
 1.59 32.4364882822 0.721844894586 1.41670037346 10.0825915807 2.25791343197 11.4231091145 11.16 5.0
 1.6 32.4132192389 0.726384799583 1.4256104387 10.0789744451 2.2621021476 11.4239378019 11.16 5.0
 1.61 32.389998159 0.730924704581 1.43452050394 10.0753634708 2.26627451126 11.4247647212 11.16 5.0
 1.62 32.3668246112 0.735464609578 1.44343056919 10.0717585973 2.27043069032 11.4255898882 11.16 5.0
 1.63 32.3436981713 0.740004514575 1.45234063443 10.0681597651 2.27457084943 11.4264133184 11.16 5.0
 1.64 32.320618421 0.744544419573 1.46125069967 10.0645669156 2.27869515056 11.4272350271 11.16 5.0
 1.65 32.2975849484 0.74908432457 1.47016076491 10.060979991 2.28280375304 11.4280550292 11.16 5.0
 1.66 32.2745973481 0.753624229568 1.47907083015 10.0573989344 2.28689681368 11.4288733395 11.16 5.0
 1.67 32.2516552201 0.758164134565 1.48798089539 10.05382369 2.29097448673 11.4296899728 11.16 5.0
 1.68 32.2287581708 0.762704039562 1.49689096064 10.0502542023 2.29503692404 11.4305049432 11.16 5.0
 1.69 32.205905812 0.76724394456 1.50580102588 10.0466904171 2.29908427503 11.4313182651 11.16 5.0
 1.7 32.1830977614 0.771783849557 1.51471109112 10.0431322808 2.30311668678 11.4321299523 11.16 5.0
 1.71 32.1603336421 0.776323754555 1.52362115636 10.0395797405 2.30713430409 11.4329400187 11.16 5.0
 1.72 32.1376130826 0.780863659552 1.5325312216 10.0360327441 2.31113726949 11.4337484778 11.16 5.0
 1.73 32.1149357168 0.785403564549 1.54144128685 10.0324912405 2.31512572334 11.4345553429 11.16 5.0
 1.74 32.0923011837 0.789943469547 1.55035135209 10.0289551789 2.31909980383 11.4353606272 11.16 5.0
 1.75 32.0697091274 0.794483374544 1.55926141733 10.0254245095 2.32305964704 11.4361643438 11.16 5.0
 1.76 32.0471591971 0.799023279542 1.56817148257 10.0218991832 2.327005387 11.4369665054 11.16 5.0
 1.77 32.0246510467 0.803563184539 1.57708154781 10.0183791515 2.33093715572 11.4377671247 11.16 5.0
 1.78 32.0021843352 0.808103089536 1.58599161306 10.0148643665 2.33485508323 11.4385662141 11.16 5.0
 1.79 31.979758726 0.812642994534 1.5949016783 10.0113547812 2.3387592976 11.4393637859 11.16 5.0
 1.8 31.9573738873 0.817182899531 1.60381174354 10.007850349 2.34264992505 11.4401598523 11.16 5.0
 1.81 31.9350294918 0.821722804529 1.61272180878 10.0043510241 2.34652708989 11.4409544251 11.16 5.0
 1.82 31.9127252165 0.826262709526 1.62163187402 10.0008567612 2.35039091465 11.4417475163 11.16 5.0
 1.83 31.8904607429 0.830802614523 1.63054193926 9.9973675158 2.35424152005 11.4425391373 11.16 5.0
 1.84 31.8682357568 0.835342519521 1.63945200451 9.99388324378 2.35807902507 11.4433292998 11.16 5.0
 1.85 31.8460499481 0.839882424518 1.64836206975 9.99040390175 2.36190354696 11.4441180149 11.16 5.0
 1.86 31.8239030108 0.844422329516 1.65727213499 9.98692944683 2.36571520133 11.444905294 11.16 5.0
 1.87 31.8017946431 0.848962234513 1.66618220023 9.98345983675 2.36951410209 11.445691148 11.16 5.0
 1.88 31.7797245468 0.85350213951 1.67509226547 9.97999502977 2.37330036157 11.4464755877 11.16 5.0
 1.89 31.7576924281 0.858042044508 1.68400233072 9.9765349847 2.37707409051 11.4472586241 11.16 5.0
 1.9 31.7356979966 0.862581949505 1.69291239596 9.9730796609 2.38083539808 11.4480402675 11.16 5.0
 1.91 31.7137409657 0.867121854503 1.7018224612 9.96962901823 2.38458439196 11.4488205286 11.16 5.0
 1.92 31.6918210528 0.8716617595 1.71073252644 9.9661830171 2.38832117829 11.4495994177 11.16 5.0
 1.93 31.6699379785 0.876201664497 1.71964259168 9.96274161839 2.39204586178 11.4503769449 11.16 5.0
 1.94 31.6480914672 0.880741569495 1.72855265693 9.95930478351 2.3957585457 11.4511531203 11.16 5.0
 1.95 31.6262812467 0.885281474492 1.73746272217 9.95587247434 2.39945933188 11.4519279538 11.16 5.0
 1.96 31.6045070483 0.88982137949 1.74637278741 9.95244465324 2.4031483208 11.4527014554 11.16 5.0
 1.97 31.5827686065 0.894361284487 1.75528285265 9.94902128305 2.40682561156 11.4534736346 11.16 5.0
 1.98 31.5610656593 0.898901189484 1.76419291789 9.94560232707 2.41049130194 11.4542445011 11.16 5.0
 1.99 31.5393979478 0.903441094482 1.77310298313 9.94218774906 2.4141454884 11.4550140643 11.16 5.0
 2.0 31.5177652163 0.907980999479 1.78201304838 9.93877751322 2.41778826611 11.4557823336 11.16 5.0
 2.01 31.4961672123 0.912520904476 1.79092311362 9.93537158419 2.42141972901 11.4565493181 11.16 5.0
 2.02 31.4746036864 0.917060809474 1.79983317886 9.93196992704 2.42503996975 11.4573150271 11.16 5.0
 2.03 31.4530743921 0.921600714471 1.8087432441 9.92857250727 2.42864907982 11.4580794694 11.16 5.0
 2.04 31.431579086 0.926140619469 1.81765330934 9.9251792908 2.43224714948 11.4588426541 11.16 5.0
 2.05 31.4101175276 0.930680524466 1.82656337459 9.92179024394 2.43583426782 11.4596045898 11.16 5.0
 2.06 31.3886894793 0.935220429463 1.83547343983 9.91840533344 2.43941052279 11.4603652853 11.16 5.0
 2.07 31.3672947061 0.939760334461 1.84438350507 9.9150245264 2.4429760012 11.4611247492 11.16 5.0
 2.08 31.3459329761 0.944300239458 1.85329357031 9.91164779035 2.44653078876 11.4618829899 11.16 5.0
 2.09 31.3246040599 0.948840144456 1.86220363555 9.90827509318 2.45007497007 11.4626400159 11.16 5.0
 2.1 31.303307731 0.953380049453 1.8711137008 9.90490640316 2.45360862867 11.4633958353 11.16 5.0
 2.11 31.2820437653 0.95791995445 1.88002376604 9.90154168894 2.45713184705 11.4641504565 11.16 5.0
 2.12 31.2608119415 0.962459859448 1.88893383128 9.89818091952 2.46064470665 11.4649038874 11.16 5.0
 2.13 31.2396120407 0.966999764445 1.89784389652 9.89482406427 2.4641472879 11.4656561361 11.16 5.0
 2.14 31.2184438467 0.971539669443 1.90675396176 9.8914710929 2.46763967023 11.4664072105 11.16 5.0
 2.15 31.1973071456 0.97607957444 1.915664027 9.88812197547 2.47112193208 11.4671571184 11.16 5.0
 2.16 31.1762017261 0.980619479437 1.92457409225 9.88477668241 2.47459415094 11.4679058675 11.16 5.0
 2.17 31.1551273791 0.985159384435 1.93348415749 9.88143518443 2.47805640332 11.4686534655 11.16 5.0
 2.18 31.134083898 0.989699289432 1.94239422273 9.87809745263 2.48150876483 11.46939992 11.16 5.0
 2.19 31.1130710785 0.99423919443 1.95130428797 9.87476345838 2.48495131014 11.4701452383 11.16 5.0
 2.2 31.0920887185 0.998779099427 1.96021435321 9.8714331734 2.48838411302 11.470889428 11.16 5.0
 2.21 31.0711366183 1.00331900442 1.96912441846 9.86810656974 2.49180724635 11.4716324962 11.16 5.0
 2.22 31.0502145802 1.00785890942 1.9780344837 9.86478361971 2.49522078215 11.4723744502 11.16 5.0
 2.23 31.029322409 1.01239881442 1.98694454894 9.86146429598 2.49862479155 11.4731152972 11.16 5.0
 2.24 31.0084599113 1.01693871942 1.99585461418 9.85814857148 2.50201934487 11.4738550443 11.16 5.0
 2.25 30.987626896 1.02147862441 2.00476467942 9.85483641945 2.50540451159 11.4745936983 11.16 5.0
 2.26 30.9668231741 1.02601852941 2.01367474467 9.85152781343 2.50878036034 11.4753312663 11.16 5.0
 2.27 30.9460485585 1.03055843441 2.02258480991 9.84822272722 2.51214695899 11.476067755 11.16 5.0
 2.28 30.9253028642 1.03509833941 2.03149487515 9.84492113494 2.51550437459 11.4768031713 11.16 5.0
 2.29 30.9045859083 1.0396382444 2.04040494039 9.84162301095 2.51885267343 11.4775375218 11.16 5.0
 2.3 30.8838975096 1.0441781494 2.04931500563 9.8383283299 2.52219192101 11.4782708132 11.16 5.0
 2.31 30.8632374891 1.0487180544 2.05822507088 9.83503706672 2.52552218209 11.4790030519 11.16 5.0
 2.32 30.8426056695 1.0532579594 2.06713513612 9.83174919658 2.5288435207 11.4797342446 11.16 5.0
 2.33 30.8220018754 1.05779786439 2.07604520136 9.82846469494 2.5321560001 11.4804643975 11.16 5.0
 2.34 30.8014259334 1.06233776939 2.0849552666 9.8251835375 2.53545968288 11.4811935171 11.16 5.0
 2.35 30.7808776717 1.06687767439 2.09386533184 9.8219057002 2.53875463088 11.4819216097 11.16 5.0
 2.36 30.7603569204 1.07141757939 2.10277539708 9.81863115927 2.54204090527 11.4826486813 11.16 5.0
 2.37 30.7398635113 1.07595748438 2.11168546233 9.81535989114 2.54531856652 11.4833747383 11.16 5.0
 2.38 30.719397278 1.08049738938 2.12059552757 9.81209187252 2.54858767442 11.4840997866 11.16 5.0
 2.39 30.6989580558 1.08503729438 2.12950559281 9.80882708034 2.55184828811 11.4848238323 11.16 5.0
 2.4 30.6785456817 1.08957719937 2.13841565805 9.80556549176 2.55510046608 11.4855468815 11.16 5.0
 2.41 30.6581599943 1.09411710437 2.14732572329 9.80230708419 2.55834426613 11.4862689398 11.16 5.0
 2.42 30.6378008339 1.09865700937 2.15623578854 9.79905183525 2.56157974549 11.4869900134 11.16 5.0
 2.43 30.6174680422 1.10319691437 2.16514585378 9.79579972281 2.56480696071 11.4877101078 11.16 5.0
 2.44 30.5971614629 1.10773681936 2.17405591902 9.79255072493 2.56802596774 11.4884292288 11.16 5.0
 2.45 30.576880941 1.11227672436 2.18296598426 9.78930481992 2.57123682194 11.4891473822 11.16 5.0
 2.46 30.556626323 1.11681662936 2.1918760495 9.78606198628 2.57443957806 11.4898645734 11.16 5.0
 2.47 30.5363974571 1.12135653436 2.20078611475 9.78282220274 2.57763429024 11.4905808081 11.16 5.0
 2.48 30.5161941928 1.12589643935 2.20969617999 9.77958544823 2.58082101207 11.4912960919 11.16 5.0
 2.49 30.4960163813 1.13043634435 2.21860624523 9.7763517019 2.58399979656 11.49201043 11.16 5.0
 2.5 30.4758638751 1.13497624935 2.22751631047 9.77312094308 2.58717069615 11.4927238279 11.16 5.0
 2.51 30.4557365282 1.13951615435 2.23642637571 9.76989315133 2.59033376273 11.4934362911 11.16 5.0
 2.52 30.4356341961 1.14405605934 2.24533644095 9.76666830639 2.59348904762 11.4941478246 11.16 5.0
 2.53 30.4155567355 1.14859596434 2.2542465062 9.76344638819 2.59663660164 11.4948584339 11.16 5.0
 2.54 30.3955040047 1.15313586934 2.26315657144 9.76022737688 2.59977647506 11.495568124 11.16 5.0
 2.55 30.3754758633 1.15767577434 2.27206663668 9.75701125277 2.60290871761 11.4962769002 11.16 5.0
 2.56 30.355472172 1.16221567933 2.28097670192 9.75379799638 2.60603337853 11.4969847675 11.16 5.0
 2.57 30.3354927933 1.16675558433 2.28988676716 9.7505875884 2.60915050652 11.497691731 11.16 5.0
 2.58 30.3155375906 1.17129548933 2.29879683241 9.7473800097 2.61226014982 11.4983977956 11.16 5.0
 2.59 30.2956064289 1.17583539433 2.30770689765 9.74417524135 2.61536235615 11.4991029662 11.16 5.0
 2.6 30.2756991741 1.18037529932 2.31661696289 9.74097326459 2.61845717272 11.4998072479 11.16 5.0
 2.61 30.2558156937 1.18491520432 2.32552702813 9.73777406082 2.62154464631 11.5005106455 11.16 5.0
 2.62 30.2359558562 1.18945510932 2.33443709337 9.73457761162 2.62462482319 11.5012131637 11.16 5.0
 2.63 30.2161195317 1.19399501432 2.34334715862 9.73138389876 2.62769774916 11.5019148073 11.16 5.0
 2.64 30.196306591 1.19853491931 2.35225722386 9.72819290416 2.63076346958 11.5026155811 11.16 5.0
 2.65 30.1765169064 1.20307482431 2.3611672891 9.7250046099 2.63382202935 11.5033154897 11.16 5.0
 2.66 30.1567503514 1.20761472931 2.37007735434 9.72181899825 2.63687347291 11.5040145378 11.16 5.0
 2.67 30.1370068005 1.2121546343 2.37898741958 9.7186360516 2.63991784427 11.50471273 11.16 5.0
 2.68 30.1172861295 1.2166945393 2.38789748482 9.71545575255 2.64295518699 11.5054100707 11.16 5.0
 2.69 30.0975882152 1.2212344443 2.39680755007 9.71227808382 2.64598554421 11.5061065645 11.16 5.0
 2.7 30.0779129356 1.2257743493 2.40571761531 9.7091030283 2.64900895864 11.506802216 11.16 5.0
 2.71 30.0582601698 1.23031425429 2.41462768055 9.70593056904 2.65202547259 11.5074970294 11.16 5.0
 2.72 30.0386297979 1.23485415929 2.42353774579 9.70276068922 2.65503512792 11.5081910092 11.16 5.0
 2.73 30.0190217012 1.23939406429 2.43244781103 9.6995933722 2.65803796612 11.5088841598 11.16 5.0
 2.74 29.999435762 1.24393396929 2.44135787628 9.69642860145 2.66103402825 11.5095764854 11.16 5.0
 2.75 29.9798718637 1.24847387428 2.45026794152 9.69326636062 2.664023355 11.5102679904 11.16 5.0
 2.76 29.9603298907 1.25301377928 2.45917800676 9.6901066335 2.66700598664 11.5109586789 11.16 5.0
 2.77 29.9408097283 1.25755368428 2.468088072 9.68694940399 2.66998196306 11.5116485552 11.16 5.0
 2.78 29.921311263 1.26209358928 2.47699813724 9.68379465618 2.6729513238 11.5123376233 11.16 5.0
 2.79 29.9018343822 1.26663349427 2.48590820249 9.68064237425 2.67591410798 11.5130258876 11.16 5.0
 2.8 29.8823789743 1.27117339927 2.49481826773 9.67749254256 2.67887035437 11.5137133519 11.16 5.0
 2.81 29.8629449287 1.27571330427 2.50372833297 9.67434514556 2.68182010138 11.5144000204 11.16 5.0
 2.82 29.8435321358 1.28025320927 2.51263839821 9.67120016788 2.68476338705 11.5150858972 11.16 5.0
 2.83 29.8241404868 1.28479311426 2.52154846345 9.66805759425 2.68770024905 11.515770986 11.16 5.0
 2.84 29.8047698739 1.28933301926 2.53045852869 9.66491740955 2.69063072472 11.5164552911 11.16 5.0
 2.85 29.7854201903 1.29387292426 2.53936859394 9.66177959877 2.69355485105 11.5171388161 11.16 5.0
 2.86 29.7660913301 1.29841282926 2.54827865918 9.65864414704 2.69647266466 11.5178215651 11.16 5.0
 2.87 29.7467831882 1.30295273425 2.55718872442 9.65551103961 2.69938420187 11.5185035419 11.16 5.0
 2.88 29.7274956605 1.30749263925 2.56609878966 9.65238026185 2.70228949863 11.5191847502 11.16 5.0
 2.89 29.7082286437 1.31203254425 2.5750088549 9.64925179927 2.70518859058 11.5198651939 11.16 5.0
 2.9 29.6889820355 1.31657244924 2.58391892015 9.64612563749 2.70808151303 11.5205448767 11.16 5.0
 2.91 29.6697557343 1.32111235424 2.59282898539 9.64300176225 2.71096830096 11.5212238023 11.16 5.0
 2.92 29.6505496394 1.32565225924 2.60173905063 9.63988015939 2.71384898905 11.5219019745 11.16 5.0
 2.93 29.6313636511 1.33019216424 2.61064911587 9.63676081491 2.71672361164 11.5225793968 11.16 5.0
 2.94 29.6121976702 1.33473206923 2.61955918111 9.63364371488 2.71959220279 11.523256073 11.16 5.0
 2.95 29.5930515987 1.33927197423 2.62846924636 9.63052884551 2.72245479623 11.5239320066 11.16 5.0
 2.96 29.5739253392 1.34381187923 2.6373793116 9.62741619312 2.72531142539 11.5246072011 11.16 5.0
 2.97 29.5548187951 1.34835178423 2.64628937684 9.62430574414 2.7281621234 11.5252816602 11.16 5.0
 2.98 29.5357318706 1.35289168922 2.65519944208 9.6211974851 2.73100692312 11.5259553872 11.16 5.0
 2.99 29.5166644707 1.35743159422 2.66410950732 9.61809140265 2.73384585708 11.5266283858 11.16 5.0
 3.0 29.4976165013 1.36197149922 2.67301957257 9.61498748354 2.73667895755 11.5273006594 11.16 5.0
 3.01 29.4785878688 1.36651140422 2.68192963781 9.61188571464 2.73950625651 11.5279722113 11.16 5.0
 3.02 29.4595784806 1.37105130921 2.69083970305 9.60878608291 2.74232778564 11.528643045 11.16 5.0
 3.03 29.4405882447 1.37559121421 2.69974976829 9.60568857542 2.74514357637 11.5293131638 11.16 5.0
 3.04 29.42161707 1.38013111921 2.70865983353 9.60259317934 2.74795365985 11.5299825712 11.16 5.0
 3.05 29.4026648659 1.38467102421 2.71756989877 9.59949988194 2.75075806693 11.5306512703 11.16 5.0
 3.06 29.3837315427 1.3892109292 2.72647996402 9.59640867061 2.75355682823 11.5313192645 11.16 5.0
 3.07 29.3648170114 1.3937508342 2.73539002926 9.5933195328 2.75634997408 11.5319865571 11.16 5.0
 3.08 29.3459211836 1.3982907392 2.7443000945 9.5902324561 2.75913753457 11.5326531513 11.16 5.0
 3.09 29.3270439717 1.4028306442 2.75321015974 9.58714742816 2.76191953951 11.5333190503 11.16 5.0
 3.1 29.3081852888 1.40737054919 2.76212022498 9.58406443676 2.76469601847 11.5339842574 11.16 5.0
 3.11 29.2893450485 1.41191045419 2.77103029023 9.58098346975 2.76746700076 11.5346487755 11.16 5.0
 3.12 29.2705231655 1.41645035919 2.77994035547 9.57790451508 2.77023251544 11.535312608 11.16 5.0
 3.13 29.2517195546 1.42099026418 2.78885042071 9.5748275608 2.77299259132 11.5359757579 11.16 5.0
 3.14 29.2329341317 1.42553016918 2.79776048595 9.57175259505 2.77574725699 11.5366382282 11.16 5.0
 3.15 29.2141668131 1.43007007418 2.80667055119 9.56867960604 2.77849654077 11.5373000222 11.16 5.0
 3.16 29.195417516 1.43460997918 2.81558061644 9.5656085821 2.78124047075 11.5379611427 11.16 5.0
 3.17 29.176686158 1.43914988417 2.82449068168 9.56253951163 2.7839790748 11.5386215929 11.16 5.0
 3.18 29.1579726574 1.44368978917 2.83340074692 9.55947238313 2.78671238054 11.5392813756 11.16 5.0
 3.19 29.1392769332 1.44822969417 2.84231081216 9.55640718516 2.78944041536 11.539940494 11.16 5.0
 3.2 29.120598905 1.45276959917 2.8512208774 9.55334390641 2.79216320644 11.5405989509 11.16 5.0
 3.21 29.1019384929 1.45730950416 2.86013094264 9.55028253561 2.79488078072 11.5412567493 11.16 5.0
 3.22 29.0832956177 1.46184940916 2.86904100789 9.5472230616 2.79759316492 11.541913892 11.16 5.0
 3.23 29.0646702007 1.46638931416 2.87795107313 9.5441654733 2.80030038555 11.542570382 11.16 5.0
 3.24 29.0460621641 1.47092921916 2.88686113837 9.5411097597 2.80300246889 11.5432262221 11.16 5.0
 3.25 29.0274714302 1.47546912415 2.89577120361 9.53805590988 2.80569944101 11.5438814152 11.16 5.0
 3.26 29.0088979224 1.48000902915 2.90468126885 9.53500391301 2.80839132777 11.544535964 11.16 5.0
 3.27 28.9903415642 1.48454893415 2.9135913341 9.53195375833 2.81107815482 11.5451898714 11.16 5.0
 3.28 28.9718022801 1.48908883915 2.92250139934 9.52890543514 2.8137599476 11.5458431402 11.16 5.0
 3.29 28.9532799947 1.49362874414 2.93141146458 9.52585893285 2.81643673135 11.546495773 11.16 5.0
 3.3 28.9347746336 1.49816864914 2.94032152982 9.52281424092 2.8191085311 11.5471477727 11.16 5.0
 3.31 28.9162861227 1.50270855414 2.94923159506 9.51977134891 2.82177537169 11.5477991419 11.16 5.0
 3.32 28.8978143885 1.50724845914 2.95814166031 9.51673024645 2.82443727774 11.5484498834 11.16 5.0
 3.33 28.8793593579 1.51178836413 2.96705172555 9.51369092322 2.8270942737 11.5490999999 11.16 5.0
 3.34 28.8609209587 1.51632826913 2.97596179079 9.510653369 2.82974638381 11.5497494939 11.16 5.0
 3.35 28.8424991189 1.52086817413 2.98487185603 9.50761757364 2.83239363212 11.5503983681 11.16 5.0
 3.36 28.8240937671 1.52540807912 2.99378192127 9.50458352706 2.8350360425 11.5510466252 11.16 5.0
 3.37 28.8057048324 1.52994798412 3.00269198651 9.50155121923 2.83767363862 11.5516942677 11.16 5.0
 3.38 28.7873322446 1.53448788912 3.01160205176 9.49852064022 2.84030644396 11.5523412982 11.16 5.0
 3.39 28.7689759337 1.53902779412 3.020512117 9.49549178017 2.84293448183 11.5529877193 11.16 5.0
 3.4 28.7506358305 1.54356769911 3.02942218224 9.49246462926 2.84555777536 11.5536335335 11.16 5.0
 3.41 28.732311866 1.54810760411 3.03833224748 9.48943917777 2.84817634749 11.5542787434 11.16 5.0
 3.42 28.714003972 1.55264750911 3.04724231272 9.48641541603 2.85079022097 11.5549233515 11.16 5.0
 3.43 28.6957120805 1.55718741411 3.05615237797 9.48339333444 2.85339941841 11.5555673602 11.16 5.0
 3.44 28.6774361242 1.5617273191 3.06506244321 9.48037292348 2.85600396222 11.556210772 11.16 5.0
 3.45 28.6591760362 1.5662672241 3.07397250845 9.47735417367 2.85860387463 11.5568535894 11.16 5.0
 3.46 28.64093175 1.5708071291 3.08288257369 9.47433707561 2.86119917772 11.5574958148 11.16 5.0
 3.47 28.6227031997 1.5753470341 3.09179263893 9.47132161997 2.86378989339 11.5581374506 11.16 5.0
 3.48 28.6044903198 1.57988693909 3.10070270418 9.46830779748 2.86637604338 11.5587784993 11.16 5.0
 3.49 28.5862930451 1.58442684409 3.10961276942 9.46529559893 2.86895764926 11.5594189632 11.16 5.0
