0.01 9.89022431085 5.56747571653 11.1349514331
0.02 9.89022431085 5.56747571653 11.1349514331
0.03 9.89022431085 5.56747571653 11.1349514331
0.04 9.89022431085 5.56747571653 11.1349514331
0.05 9.89022431085 5.56747571653 11.1349514331
0.06 9.89022431085 5.56747571653 11.1349514331
0.07 9.89022431085 5.56747571653 11.1349514331
0.08 9.89022431085 5.56747571653 11.1349514331
0.09 9.89022431085 5.56747571653 11.1349514331
0.1 9.89022431085 5.56747571653 11.1349514331
0.11 9.89022431085 5.56747571653 11.1349514331
0.12 9.89022431085 5.56747571653 11.1349514331
0.13 9.89022431085 5.56747571653 11.1349514331
0.14 9.89022431085 5.56747571653 11.1349514331
0.15 9.89022431085 5.56747571653 11.1349514331
0.16 9.89022431085 5.56747571653 11.1349514331
0.17 9.89022431085 5.56747571653 11.1349514331
0.18 9.89022431085 5.56747571653 11.1349514331
0.19 9.89022431085 5.56747571653 11.1349514331
0.2 9.89022431085 5.56747571653 11.1349514331
0.21 9.89022431085 5.56747571653 11.1349514331
0.22 9.89022431085 5.56747571653 11.1349514331
0.23 9.89022431085 5.56747571653 11.1349514331
0.24 9.89022431085 5.56747571653 11.1349514331
0.25 9.89022431085 5.56747571653 11.1349514331
0.26 9.89022431085 5.56747571653 11.1349514331
0.27 9.89022431085 5.56747571653 11.1349514331
0.28 9.89022431085 5.56747571653 11.1349514331
0.29 9.89022431085 5.56747571653 11.1349514331
0.3 9.89022431085 5.56747571653 11.1349514331
0.31 9.89022431085 5.56747571653 11.1349514331
0.32 9.89022431085 5.56747571653 11.1349514331
0.33 9.89022431085 5.56747571653 11.1349514331
0.34 9.89022431085 5.56747571653 11.1349514331
0.35 9.89022431085 5.56747571653 11.1349514331
0.36 9.89022431085 5.56747571653 11.1349514331
0.37 9.89022431085 5.56747571653 11.1349514331
0.38 9.89022431085 5.56747571653 11.1349514331
0.39 9.89022431085 5.56747571653 11.1349514331
0.4 9.89022431085 5.56747571653 11.1349514331
0.41 9.89022431085 5.56747571653 11.1349514331
0.42 9.89022431085 5.56747571653 11.1349514331
0.43 9.89022431085 5.56747571653 11.1349514331
0.44 9.89022431085 5.56747571653 11.1349514331
0.45 9.89022431085 5.56747571653 11.1349514331
0.46 9.89022431085 5.56747571653 11.1349514331
0.47 9.89022431085 5.56747571653 11.1349514331
0.48 9.89022431085 5.56747571653 11.1349514331
0.49 9.89022431085 5.56747571653 11.1349514331
0.5 9.89022431085 5.56747571653 11.1349514331
0.51 9.89022431085 5.56747571653 11.1349514331
0.52 9.89022431085 5.56747571653 11.1349514331
0.53 9.89022431085 5.56747571653 11.1349514331
0.54 9.89022431085 5.56747571653 11.1349514331
0.55 9.89022431085 5.56747571653 11.1349514331
0.56 9.89022431085 5.56747571653 11.1349514331
0.57 9.89022431085 5.56747571653 11.1349514331
0.58 9.89022431085 5.56747571653 11.1349514331
0.59 9.89022431085 5.56747571653 11.1349514331
0.6 9.89022431085 5.56747571653 11.1349514331
0.61 9.89022431085 5.56747571653 11.1349514331
0.62 9.89022431085 5.56747571653 11.1349514331
0.63 9.89022431085 5.56747571653 11.1349514331
0.64 9.89022431085 5.56747571653 11.1349514331
0.65 9.89022431085 5.56747571653 11.1349514331
0.66 9.89022431085 5.56747571653 11.1349514331
0.67 9.89022431085 5.56747571653 11.1349514331
0.68 9.89022431085 5.56747571653 11.1349514331
0.69 9.89022431085 5.56747571653 11.1349514331
0.7 9.89022431085 5.56747571653 11.1349514331
0.71 9.89022431085 5.56747571653 11.1349514331
0.72 9.89022431085 5.56747571653 11.1349514331
0.73 9.89022431085 5.56747571653 11.1349514331
0.74 9.89022431085 5.56747571653 11.1349514331
0.75 9.89022431085 5.56747571653 11.1349514331
0.76 9.89022431085 5.56747571653 11.1349514331
0.77 9.89022431085 5.56747571653 11.1349514331
0.78 9.89022431085 5.56747571653 11.1349514331
0.79 9.89022431085 5.56747571653 11.1349514331
0.8 9.89022431085 5.56747571653 11.1349514331
0.81 9.89022431085 5.56747571653 11.1349514331
0.82 9.89022431085 5.56747571653 11.1349514331
0.83 9.89022431085 5.56747571653 11.1349514331
0.84 9.89022431085 5.56747571653 11.1349514331
0.85 9.89022431085 5.56747571653 11.1349514331
0.86 9.89022431085 5.56747571653 11.1349514331
0.87 9.89022431085 5.56747571653 11.1349514331
0.88 9.89022431085 5.56747571653 11.1349514331
0.89 9.89022431085 5.56747571653 11.1349514331
0.9 9.89022431085 5.56747571653 11.1349514331
0.91 9.89022431085 5.56747571653 11.1349514331
0.92 9.89022431085 5.56747571653 11.1349514331
0.93 9.89022431085 5.56747571653 11.1349514331
0.94 9.89022431085 5.56747571653 11.1349514331
0.95 9.89022431085 5.56747571653 11.1349514331
0.96 9.89022431085 5.56747571653 11.1349514331
0.97 9.89022431085 5.56747571653 11.1349514331
0.98 9.89022431085 5.56747571653 11.1349514331
0.99 9.89022431085 5.56747571653 11.1349514331
1.0 9.89022431085 5.56747571653 11.1349514331
1.01 9.89022431085 5.56747571653 11.1349514331
1.02 9.89022431085 5.56747571653 11.1349514331
1.03 9.89022431085 5.56747571653 11.1349514331
1.04 9.89022431085 5.56747571653 11.1349514331
1.05 9.89022431085 5.56747571653 11.1349514331
1.06 9.89022431085 5.56747571653 11.1349514331
1.07 9.89022431085 5.56747571653 11.1349514331
1.08 9.89022431085 5.56747571653 11.1349514331
1.09 9.89022431085 5.56747571653 11.1349514331
1.1 9.89022431085 5.56747571653 11.1349514331
1.11 9.89022431085 5.56747571653 11.1349514331
1.12 9.89022431085 5.56747571653 11.1349514331
1.13 9.89022431085 5.56747571653 11.1349514331
1.14 9.89022431085 5.56747571653 11.1349514331
1.15 9.89022431085 5.56747571653 11.1349514331
1.16 9.89022431085 5.56747571653 11.1349514331
1.17 9.89022431085 5.56747571653 11.1349514331
1.18 9.89022431085 5.56747571653 11.1349514331
1.19 9.89022431085 5.56747571653 11.1349514331
1.2 9.89022431085 5.56747571653 11.1349514331
1.21 9.89022431085 5.56747571653 11.1349514331
1.22 9.89022431085 5.56747571653 11.1349514331
1.23 9.89022431085 5.56747571653 11.1349514331
1.24 9.89022431085 5.56747571653 11.1349514331
1.25 9.89022431085 5.56747571653 11.1349514331
1.26 9.89022431085 5.56747571653 11.1349514331
1.27 9.89022431085 5.56747571653 11.1349514331
1.28 9.89022431085 5.56747571653 11.1349514331
1.29 9.89022431085 5.56747571653 11.1349514331
1.3 9.89022431085 5.56747571653 11.1349514331
1.31 9.89022431085 5.56747571653 11.1349514331
1.32 9.89022431085 5.56747571653 11.1349514331
1.33 9.89022431085 5.56747571653 11.1349514331
1.34 9.89022431085 5.56747571653 11.1349514331
1.35 9.89022431085 5.56747571653 11.1349514331
1.36 9.89022431085 5.56747571653 11.1349514331
1.37 9.89022431085 5.56747571653 11.1349514331
1.38 9.89022431085 5.56747571653 11.1349514331
1.39 9.89022431085 5.56747571653 11.1349514331
1.4 9.89022431085 5.56747571653 11.1349514331
1.41 9.89022431085 5.56747571653 11.1349514331
1.42 9.89022431085 5.56747571653 11.1349514331
1.43 9.89022431085 5.56747571653 11.1349514331
1.44 9.89022431085 5.56747571653 11.1349514331
1.45 9.89022431085 5.56747571653 11.1349514331
1.46 9.89022431085 5.56747571653 11.1349514331
1.47 9.89022431085 5.56747571653 11.1349514331
1.48 9.89022431085 5.56747571653 11.1349514331
1.49 9.89022431085 5.56747571653 11.1349514331
1.5 9.89022431085 5.56747571653 11.1349514331
1.51 9.89022431085 5.56747571653 11.1349514331
1.52 9.89022431085 5.56747571653 11.1349514331
1.53 9.89022431085 5.56747571653 11.1349514331
1.54 9.89022431085 5.56747571653 11.1349514331
1.55 9.89022431085 5.56747571653 11.1349514331
1.56 9.89022431085 5.56747571653 11.1349514331
1.57 9.89022431085 5.56747571653 11.1349514331
1.58 9.89022431085 5.56747571653 11.1349514331
1.59 9.89022431085 5.56747571653 11.1349514331
1.6 9.89022431085 5.56747571653 11.1349514331
1.61 9.89022431085 5.56747571653 11.1349514331
1.62 9.89022431085 5.56747571653 11.1349514331
1.63 9.89022431085 5.56747571653 11.1349514331
1.64 9.89022431085 5.56747571653 11.1349514331
1.65 9.89022431085 5.56747571653 11.1349514331
1.66 9.89022431085 5.56747571653 11.1349514331
1.67 9.89022431085 5.56747571653 11.1349514331
1.68 9.89022431085 5.56747571653 11.1349514331
1.69 9.89022431085 5.56747571653 11.1349514331
1.7 9.89022431085 5.56747571653 11.1349514331
1.71 9.89022431085 5.56747571653 11.1349514331
1.72 9.89022431085 5.56747571653 11.1349514331
1.73 9.89022431085 5.56747571653 11.1349514331
1.74 9.89022431085 5.56747571653 11.1349514331
1.75 9.89022431085 5.56747571653 11.1349514331
1.76 9.89022431085 5.56747571653 11.1349514331
1.77 9.89022431085 5.56747571653 11.1349514331
1.78 9.89022431085 5.56747571653 11.1349514331
1.79 9.89022431085 5.56747571653 11.1349514331
1.8 9.89022431085 5.56747571653 11.1349514331
1.81 9.89022431085 5.56747571653 11.1349514331
1.82 9.89022431085 5.56747571653 11.1349514331
1.83 9.89022431085 5.56747571653 11.1349514331
1.84 9.89022431085 5.56747571653 11.1349514331
1.85 9.89022431085 5.56747571653 11.1349514331
1.86 9.89022431085 5.56747571653 11.1349514331
1.87 9.89022431085 5.56747571653 11.1349514331
1.88 9.89022431085 5.56747571653 11.1349514331
1.89 9.89022431085 5.56747571653 11.1349514331
1.9 9.89022431085 5.56747571653 11.1349514331
1.91 9.89022431085 5.56747571653 11.1349514331
1.92 9.89022431085 5.56747571653 11.1349514331
1.93 9.89022431085 5.56747571653 11.1349514331
1.94 9.89022431085 5.56747571653 11.1349514331
1.95 9.89022431085 5.56747571653 11.1349514331
1.96 9.89022431085 5.56747571653 11.1349514331
1.97 9.89022431085 5.56747571653 11.1349514331
1.98 9.89022431085 5.56747571653 11.1349514331
1.99 9.89022431085 5.56747571653 11.1349514331
2.0 9.89022431085 5.56747571653 11.1349514331
2.01 9.89022431085 5.56747571653 11.1349514331
2.02 9.89022431085 5.56747571653 11.1349514331
2.03 9.89022431085 5.56747571653 11.1349514331
2.04 9.89022431085 5.56747571653 11.1349514331
2.05 9.89022431085 5.56747571653 11.1349514331
2.06 9.89022431085 5.56747571653 11.1349514331
2.07 9.89022431085 5.56747571653 11.1349514331
2.08 9.89022431085 5.56747571653 11.1349514331
2.09 9.89022431085 5.56747571653 11.1349514331
2.1 9.89022431085 5.56747571653 11.1349514331
2.11 9.89022431085 5.56747571653 11.1349514331
2.12 9.89022431085 5.56747571653 11.1349514331
2.13 9.89022431085 5.56747571653 11.1349514331
2.14 9.89022431085 5.56747571653 11.1349514331
2.15 9.89022431085 5.56747571653 11.1349514331
2.16 9.89022431085 5.56747571653 11.1349514331
2.17 9.89022431085 5.56747571653 11.1349514331
2.18 9.89022431085 5.56747571653 11.1349514331
2.19 9.89022431085 5.56747571653 11.1349514331
2.2 9.89022431085 5.56747571653 11.1349514331
2.21 9.89022431085 5.56747571653 11.1349514331
2.22 9.89022431085 5.56747571653 11.1349514331
2.23 9.89022431085 5.56747571653 11.1349514331
2.24 9.89022431085 5.56747571653 11.1349514331
2.25 9.89022431085 5.56747571653 11.1349514331
2.26 9.89022431085 5.56747571653 11.1349514331
2.27 9.89022431085 5.56747571653 11.1349514331
2.28 9.89022431085 5.56747571653 11.1349514331
2.29 9.89022431085 5.56747571653 11.1349514331
2.3 9.89022431085 5.56747571653 11.1349514331
2.31 9.89022431085 5.56747571653 11.1349514331
2.32 9.89022431085 5.56747571653 11.1349514331
2.33 9.89022431085 5.56747571653 11.1349514331
2.34 9.89022431085 5.56747571653 11.1349514331
2.35 9.89022431085 5.56747571653 11.1349514331
2.36 9.89022431085 5.56747571653 11.1349514331
2.37 9.89022431085 5.56747571653 11.1349514331
2.38 9.89022431085 5.56747571653 11.1349514331
2.39 9.89022431085 5.56747571653 11.1349514331
2.4 9.89022431085 5.56747571653 11.1349514331
2.41 9.89022431085 5.56747571653 11.1349514331
2.42 9.89022431085 5.56747571653 11.1349514331
2.43 9.89022431085 5.56747571653 11.1349514331
2.44 9.89022431085 5.56747571653 11.1349514331
2.45 9.89022431085 5.56747571653 11.1349514331
2.46 9.89022431085 5.56747571653 11.1349514331
2.47 9.89022431085 5.56747571653 11.1349514331
2.48 9.89022431085 5.56747571653 11.1349514331
2.49 9.89022431085 5.56747571653 11.1349514331
2.5 9.89022431085 5.56747571653 11.1349514331
2.51 9.89022431085 5.56747571653 11.1349514331
2.52 9.89022431085 5.56747571653 11.1349514331
2.53 9.89022431085 5.56747571653 11.1349514331
2.54 9.89022431085 5.56747571653 11.1349514331
2.55 9.89022431085 5.56747571653 11.1349514331
2.56 9.89022431085 5.56747571653 11.1349514331
2.57 9.89022431085 5.56747571653 11.1349514331
2.58 9.89022431085 5.56747571653 11.1349514331
2.59 9.89022431085 5.56747571653 11.1349514331
2.6 9.89022431085 5.56747571653 11.1349514331
2.61 9.89022431085 5.56747571653 11.1349514331
2.62 9.89022431085 5.56747571653 11.1349514331
2.63 9.89022431085 5.56747571653 11.1349514331
2.64 9.89022431085 5.56747571653 11.1349514331
2.65 9.89022431085 5.56747571653 11.1349514331
2.66 9.89022431085 5.56747571653 11.1349514331
2.67 9.89022431085 5.56747571653 11.1349514331
2.68 9.89022431085 5.56747571653 11.1349514331
2.69 9.89022431085 5.56747571653 11.1349514331
2.7 9.89022431085 5.56747571653 11.1349514331
2.71 9.89022431085 5.56747571653 11.1349514331
2.72 9.89022431085 5.56747571653 11.1349514331
2.73 9.89022431085 5.56747571653 11.1349514331
2.74 9.89022431085 5.56747571653 11.1349514331
2.75 9.89022431085 5.56747571653 11.1349514331
2.76 9.89022431085 5.56747571653 11.1349514331
2.77 9.89022431085 5.56747571653 11.1349514331
2.78 9.89022431085 5.56747571653 11.1349514331
2.79 9.89022431085 5.56747571653 11.1349514331
2.8 9.89022431085 5.56747571653 11.1349514331
2.81 9.89022431085 5.56747571653 11.1349514331
2.82 9.89022431085 5.56747571653 11.1349514331
2.83 9.89022431085 5.56747571653 11.1349514331
2.84 9.89022431085 5.56747571653 11.1349514331
2.85 9.89022431085 5.56747571653 11.1349514331
2.86 9.89022431085 5.56747571653 11.1349514331
2.87 9.89022431085 5.56747571653 11.1349514331
2.88 9.89022431085 5.56747571653 11.1349514331
2.89 9.89022431085 5.56747571653 11.1349514331
2.9 9.89022431085 5.56747571653 11.1349514331
2.91 9.89022431085 5.56747571653 11.1349514331
2.92 9.89022431085 5.56747571653 11.1349514331
2.93 9.89022431085 5.56747571653 11.1349514331
2.94 9.89022431085 5.56747571653 11.1349514331
2.95 9.89022431085 5.56747571653 11.1349514331
2.96 9.89022431085 5.56747571653 11.1349514331
2.97 9.89022431085 5.56747571653 11.1349514331
2.98 9.89022431085 5.56747571653 11.1349514331
2.99 9.89022431085 5.56747571653 11.1349514331
3.0 9.89022431085 5.56747571653 11.1349514331
3.01 9.89022431085 5.56747571653 11.1349514331
3.02 9.89022431085 5.56747571653 11.1349514331
3.03 9.89022431085 5.56747571653 11.1349514331
3.04 9.89022431085 5.56747571653 11.1349514331
3.05 9.89022431085 5.56747571653 11.1349514331
3.06 9.89022431085 5.56747571653 11.1349514331
3.07 9.89022431085 5.56747571653 11.1349514331
3.08 9.89022431085 5.56747571653 11.1349514331
3.09 9.89022431085 5.56747571653 11.1349514331
3.1 9.89022431085 5.56747571653 11.1349514331
3.11 9.89022431085 5.56747571653 11.1349514331
3.12 9.89022431085 5.56747571653 11.1349514331
3.13 9.89022431085 5.56747571653 11.1349514331
3.14 9.89022431085 5.56747571653 11.1349514331
3.15 9.89022431085 5.56747571653 11.1349514331
3.16 9.89022431085 5.56747571653 11.1349514331
3.17 9.89022431085 5.56747571653 11.1349514331
3.18 9.89022431085 5.56747571653 11.1349514331
3.19 9.89022431085 5.56747571653 11.1349514331
3.2 9.89022431085 5.56747571653 11.1349514331
3.21 9.89022431085 5.56747571653 11.1349514331
3.22 9.89022431085 5.56747571653 11.1349514331
3.23 9.89022431085 5.56747571653 11.1349514331
3.24 9.89022431085 5.56747571653 11.1349514331
3.25 9.89022431085 5.56747571653 11.1349514331
3.26 9.89022431085 5.56747571653 11.1349514331
3.27 9.89022431085 5.56747571653 11.1349514331
3.28 9.89022431085 5.56747571653 11.1349514331
3.29 9.89022431085 5.56747571653 11.1349514331
3.3 9.89022431085 5.56747571653 11.1349514331
3.31 9.89022431085 5.56747571653 11.1349514331
3.32 9.89022431085 5.56747571653 11.1349514331
3.33 9.89022431085 5.56747571653 11.1349514331
3.34 9.89022431085 5.56747571653 11.1349514331
3.35 9.89022431085 5.56747571653 11.1349514331
3.36 9.89022431085 5.56747571653 11.1349514331
3.37 9.89022431085 5.56747571653 11.1349514331
3.38 9.89022431085 5.56747571653 11.1349514331
3.39 9.89022431085 5.56747571653 11.1349514331
3.4 9.89022431085 5.56747571653 11.1349514331
3.41 9.89022431085 5.56747571653 11.1349514331
3.42 9.89022431085 5.56747571653 11.1349514331
3.43 9.89022431085 5.56747571653 11.1349514331
3.44 9.89022431085 5.56747571653 11.1349514331
3.45 9.89022431085 5.56747571653 11.1349514331
3.46 9.89022431085 5.56747571653 11.1349514331
3.47 9.89022431085 5.56747571653 11.1349514331
3.48 9.89022431085 5.56747571653 11.1349514331
3.49 9.89022431085 5.56747571653 11.1349514331
